8.000000000000000444e-01
8.210526315999999714e-01
8.421052632000000093e-01
8.631578947000000390e-01
8.842105262999999660e-01
9.052631579000000039e-01
9.263157895000000419e-01
9.473684210999999689e-01
9.684210525999999986e-01
9.894736842000000365e-01
1.010526315799999963e+00
1.031578947399999890e+00
1.052631578900000031e+00
1.073684210499999958e+00
1.094736842100000107e+00
1.115789473700000034e+00
1.136842105299999961e+00
1.157894736800000102e+00
1.178947368400000029e+00
1.199999999999999956e+00
