2.799999999999999822e+00
2.820833333333333304e+00
2.841666666666666341e+00
2.862499999999999822e+00
2.883333333333333304e+00
2.904166666666666341e+00
2.924999999999999822e+00
2.945833333333333304e+00
2.966666666666666341e+00
2.987499999999999822e+00
3.008333333333333304e+00
3.029166666666666341e+00
3.049999999999999822e+00
3.070833333333333304e+00
3.091666666666666341e+00
3.112499999999999822e+00
3.133333333333333304e+00
3.154166666666666341e+00
3.174999999999999822e+00
3.195833333333333304e+00
3.216666666666666341e+00
3.237499999999999822e+00
3.258333333333333304e+00
3.279166666666666341e+00
3.299999999999999822e+00
