0.8000000000
0.8102564103
0.8205128205
0.8307692308
0.8410256410
0.8512820513
0.8615384615
0.8717948718
0.8820512821
0.8923076923
0.9025641026
0.9128205128
0.9230769231
0.9333333333
0.9435897436
0.9538461538
0.9641025641
0.9743589744
0.9846153846
0.9948717949
1.0051282051
1.0153846154
1.0256410256
1.0358974359
1.0461538462
1.0564102564
1.0666666667
1.0769230769
1.0871794872
1.0974358974
1.1076923077
1.1179487179
1.1282051282
1.1384615385
1.1487179487
1.1589743590
1.1692307692
1.1794871795
1.1897435897
1.2000000000
